{
 "cells": [
  {
   "cell_type": "markdown",
   "metadata": {},
   "source": [
    "# 100 numpy练习\n",
    "\n",
    "这是在numpy邮件列表，stackoverflow和numpy文档中收集的练习集合。 该系列的目标是为新老用户提供快速参考，同时为教学人员提供一系列练习。\n",
    "\n",
    "\n",
    "如果您发现错误或认为您有更好的方法来解决其中一些错误，请随时在<https://github.com/rougier/numpy-100>上打开一个issue"
   ]
  },
  {
   "cell_type": "markdown",
   "metadata": {},
   "source": [
    "#### 1. 以`np`为别名导入numpy包 (★☆☆)"
   ]
  },
  {
   "cell_type": "code",
   "execution_count": 1,
   "metadata": {},
   "outputs": [],
   "source": [
    "import numpy as np"
   ]
  },
  {
   "cell_type": "markdown",
   "metadata": {},
   "source": [
    "#### 2. 打印numpy版本和配置 (★☆☆)"
   ]
  },
  {
   "cell_type": "code",
   "execution_count": 2,
   "metadata": {},
   "outputs": [
    {
     "name": "stdout",
     "output_type": "stream",
     "text": [
      "1.14.3\n",
      "mkl_info:\n",
      "    libraries = ['mkl_rt', 'pthread']\n",
      "    library_dirs = ['/Users/iosdevlog/anaconda3/lib']\n",
      "    define_macros = [('SCIPY_MKL_H', None), ('HAVE_CBLAS', None)]\n",
      "    include_dirs = ['/Users/iosdevlog/anaconda3/include']\n",
      "blas_mkl_info:\n",
      "    libraries = ['mkl_rt', 'pthread']\n",
      "    library_dirs = ['/Users/iosdevlog/anaconda3/lib']\n",
      "    define_macros = [('SCIPY_MKL_H', None), ('HAVE_CBLAS', None)]\n",
      "    include_dirs = ['/Users/iosdevlog/anaconda3/include']\n",
      "blas_opt_info:\n",
      "    libraries = ['mkl_rt', 'pthread']\n",
      "    library_dirs = ['/Users/iosdevlog/anaconda3/lib']\n",
      "    define_macros = [('SCIPY_MKL_H', None), ('HAVE_CBLAS', None)]\n",
      "    include_dirs = ['/Users/iosdevlog/anaconda3/include']\n",
      "lapack_mkl_info:\n",
      "    libraries = ['mkl_rt', 'pthread']\n",
      "    library_dirs = ['/Users/iosdevlog/anaconda3/lib']\n",
      "    define_macros = [('SCIPY_MKL_H', None), ('HAVE_CBLAS', None)]\n",
      "    include_dirs = ['/Users/iosdevlog/anaconda3/include']\n",
      "lapack_opt_info:\n",
      "    libraries = ['mkl_rt', 'pthread']\n",
      "    library_dirs = ['/Users/iosdevlog/anaconda3/lib']\n",
      "    define_macros = [('SCIPY_MKL_H', None), ('HAVE_CBLAS', None)]\n",
      "    include_dirs = ['/Users/iosdevlog/anaconda3/include']\n"
     ]
    }
   ],
   "source": [
    "print(np.__version__)\n",
    "np.show_config()"
   ]
  },
  {
   "cell_type": "markdown",
   "metadata": {},
   "source": [
    "#### 3. 创建一个大小为10的空向量 (★☆☆)"
   ]
  },
  {
   "cell_type": "code",
   "execution_count": 3,
   "metadata": {},
   "outputs": [
    {
     "name": "stdout",
     "output_type": "stream",
     "text": [
      "[0. 0. 0. 0. 0. 0. 0. 0. 0. 0.]\n"
     ]
    }
   ],
   "source": [
    "Z = np.zeros(10)\n",
    "print(Z)"
   ]
  },
  {
   "cell_type": "markdown",
   "metadata": {},
   "source": [
    "#### 4.  如何查找数组的内存大小 (★☆☆)"
   ]
  },
  {
   "cell_type": "code",
   "execution_count": 4,
   "metadata": {},
   "outputs": [
    {
     "name": "stdout",
     "output_type": "stream",
     "text": [
      "800 bytes\n"
     ]
    }
   ],
   "source": [
    "Z = np.zeros((10,10))\n",
    "print(\"%d bytes\" % (Z.size * Z.itemsize))"
   ]
  },
  {
   "cell_type": "markdown",
   "metadata": {},
   "source": [
    "#### 5.  如何从命令行获取numpy add函数的文档? (★☆☆)"
   ]
  },
  {
   "cell_type": "code",
   "execution_count": 5,
   "metadata": {},
   "outputs": [
    {
     "name": "stderr",
     "output_type": "stream",
     "text": [
      "ERROR:root:File `'`python.py'` not found.\n"
     ]
    }
   ],
   "source": [
    "%run `python -c \"import numpy; numpy.info(numpy.add)\"`"
   ]
  },
  {
   "cell_type": "markdown",
   "metadata": {},
   "source": [
    "#### 6.  创建大小为10的空向量，但第五个值为1 (★☆☆)"
   ]
  },
  {
   "cell_type": "code",
   "execution_count": 6,
   "metadata": {},
   "outputs": [
    {
     "name": "stdout",
     "output_type": "stream",
     "text": [
      "[0. 0. 0. 0. 1. 0. 0. 0. 0. 0.]\n"
     ]
    }
   ],
   "source": [
    "Z = np.zeros(10)\n",
    "Z[4] = 1\n",
    "print(Z)"
   ]
  },
  {
   "cell_type": "markdown",
   "metadata": {},
   "source": [
    "#### 7.  创建一个值为10到49的向量 (★☆☆)"
   ]
  },
  {
   "cell_type": "code",
   "execution_count": 7,
   "metadata": {},
   "outputs": [
    {
     "name": "stdout",
     "output_type": "stream",
     "text": [
      "[10 11 12 13 14 15 16 17 18 19 20 21 22 23 24 25 26 27 28 29 30 31 32 33\n",
      " 34 35 36 37 38 39 40 41 42 43 44 45 46 47 48 49]\n"
     ]
    }
   ],
   "source": [
    "Z = np.arange(10,50)\n",
    "print(Z)"
   ]
  },
  {
   "cell_type": "markdown",
   "metadata": {},
   "source": [
    "#### 8.  反转向量（第一个元素成为最后一个） (★☆☆)"
   ]
  },
  {
   "cell_type": "code",
   "execution_count": 8,
   "metadata": {},
   "outputs": [
    {
     "name": "stdout",
     "output_type": "stream",
     "text": [
      "[49 48 47 46 45 44 43 42 41 40 39 38 37 36 35 34 33 32 31 30 29 28 27 26\n",
      " 25 24 23 22 21 20 19 18 17 16 15 14 13 12 11 10  9  8  7  6  5  4  3  2\n",
      "  1  0]\n"
     ]
    }
   ],
   "source": [
    "Z = np.arange(50)\n",
    "Z = Z[::-1]\n",
    "print(Z)"
   ]
  },
  {
   "cell_type": "markdown",
   "metadata": {},
   "source": [
    "#### 9.  创建一个3x3矩阵，其值范围为0到8 (★☆☆)"
   ]
  },
  {
   "cell_type": "code",
   "execution_count": 9,
   "metadata": {},
   "outputs": [
    {
     "name": "stdout",
     "output_type": "stream",
     "text": [
      "[[0 1 2]\n",
      " [3 4 5]\n",
      " [6 7 8]]\n"
     ]
    }
   ],
   "source": [
    "Z = np.arange(9).reshape(3,3)\n",
    "print(Z)"
   ]
  },
  {
   "cell_type": "markdown",
   "metadata": {},
   "source": [
    "#### 10.从 \\[1,2,0,0,4,0\\] 中查找非零元素的索引 (★☆☆)"
   ]
  },
  {
   "cell_type": "code",
   "execution_count": 10,
   "metadata": {},
   "outputs": [
    {
     "name": "stdout",
     "output_type": "stream",
     "text": [
      "(array([0, 1, 4]),)\n"
     ]
    }
   ],
   "source": [
    "nz = np.nonzero([1,2,0,0,4,0])\n",
    "print(nz)"
   ]
  },
  {
   "cell_type": "markdown",
   "metadata": {},
   "source": [
    "#### 11. 创建3x3单位矩阵 (★☆☆)"
   ]
  },
  {
   "cell_type": "code",
   "execution_count": 11,
   "metadata": {},
   "outputs": [
    {
     "name": "stdout",
     "output_type": "stream",
     "text": [
      "[[1. 0. 0.]\n",
      " [0. 1. 0.]\n",
      " [0. 0. 1.]]\n"
     ]
    }
   ],
   "source": [
    "Z = np.eye(3)\n",
    "print(Z)"
   ]
  },
  {
   "cell_type": "markdown",
   "metadata": {},
   "source": [
    "#### 12. 使用随机值创建3x3x3数组 (★☆☆)"
   ]
  },
  {
   "cell_type": "code",
   "execution_count": 12,
   "metadata": {},
   "outputs": [
    {
     "name": "stdout",
     "output_type": "stream",
     "text": [
      "[[[0.18940189 0.24401418 0.78815012]\n",
      "  [0.58839657 0.10791225 0.13944297]\n",
      "  [0.03846002 0.51690979 0.1773832 ]]\n",
      "\n",
      " [[0.10936357 0.62650535 0.88865398]\n",
      "  [0.54592608 0.00891409 0.28495577]\n",
      "  [0.28116829 0.65418964 0.63222084]]\n",
      "\n",
      " [[0.39533301 0.66701207 0.14181829]\n",
      "  [0.96518132 0.65596745 0.46404387]\n",
      "  [0.16210843 0.69280131 0.61307487]]]\n"
     ]
    }
   ],
   "source": [
    "Z = np.random.random((3,3,3))\n",
    "print(Z)"
   ]
  },
  {
   "cell_type": "markdown",
   "metadata": {},
   "source": [
    "#### 13. 创建具有随机值的10x10数组，并查找最小值和最大值 (★☆☆)"
   ]
  },
  {
   "cell_type": "code",
   "execution_count": 13,
   "metadata": {},
   "outputs": [
    {
     "name": "stdout",
     "output_type": "stream",
     "text": [
      "0.005966934200455354 0.9709766992958699\n"
     ]
    }
   ],
   "source": [
    "Z = np.random.random((10,10))\n",
    "Zmin, Zmax = Z.min(), Z.max()\n",
    "print(Zmin, Zmax)"
   ]
  },
  {
   "cell_type": "markdown",
   "metadata": {},
   "source": [
    "#### 14. 创建一个大小为30的随机向量并找到平均值 (★☆☆)"
   ]
  },
  {
   "cell_type": "code",
   "execution_count": 14,
   "metadata": {},
   "outputs": [
    {
     "name": "stdout",
     "output_type": "stream",
     "text": [
      "0.48759116047915824\n"
     ]
    }
   ],
   "source": [
    "Z = np.random.random(30)\n",
    "m = Z.mean()\n",
    "print(m)"
   ]
  },
  {
   "cell_type": "markdown",
   "metadata": {},
   "source": [
    "#### 15. 创建一个2d数组，边框为1，内部为0 (★☆☆)"
   ]
  },
  {
   "cell_type": "code",
   "execution_count": 15,
   "metadata": {},
   "outputs": [
    {
     "name": "stdout",
     "output_type": "stream",
     "text": [
      "[[1. 1. 1. 1. 1. 1. 1. 1. 1. 1.]\n",
      " [1. 0. 0. 0. 0. 0. 0. 0. 0. 1.]\n",
      " [1. 0. 0. 0. 0. 0. 0. 0. 0. 1.]\n",
      " [1. 0. 0. 0. 0. 0. 0. 0. 0. 1.]\n",
      " [1. 0. 0. 0. 0. 0. 0. 0. 0. 1.]\n",
      " [1. 0. 0. 0. 0. 0. 0. 0. 0. 1.]\n",
      " [1. 0. 0. 0. 0. 0. 0. 0. 0. 1.]\n",
      " [1. 0. 0. 0. 0. 0. 0. 0. 0. 1.]\n",
      " [1. 0. 0. 0. 0. 0. 0. 0. 0. 1.]\n",
      " [1. 1. 1. 1. 1. 1. 1. 1. 1. 1.]]\n"
     ]
    }
   ],
   "source": [
    "Z = np.ones((10,10))\n",
    "Z[1:-1,1:-1] = 0\n",
    "print(Z)"
   ]
  },
  {
   "cell_type": "markdown",
   "metadata": {},
   "source": [
    "#### 16. 如何在现有数组周围添加边框（填充0）？ (★☆☆)"
   ]
  },
  {
   "cell_type": "code",
   "execution_count": 16,
   "metadata": {},
   "outputs": [
    {
     "name": "stdout",
     "output_type": "stream",
     "text": [
      "[[0. 0. 0. 0. 0. 0. 0.]\n",
      " [0. 1. 1. 1. 1. 1. 0.]\n",
      " [0. 1. 1. 1. 1. 1. 0.]\n",
      " [0. 1. 1. 1. 1. 1. 0.]\n",
      " [0. 1. 1. 1. 1. 1. 0.]\n",
      " [0. 1. 1. 1. 1. 1. 0.]\n",
      " [0. 0. 0. 0. 0. 0. 0.]]\n"
     ]
    }
   ],
   "source": [
    "Z = np.ones((5,5))\n",
    "Z = np.pad(Z, pad_width=1, mode='constant', constant_values=0)\n",
    "print(Z)"
   ]
  },
  {
   "cell_type": "markdown",
   "metadata": {},
   "source": [
    "#### 17. 以下表达式的结果是什么？ (★☆☆)"
   ]
  },
  {
   "cell_type": "code",
   "execution_count": 17,
   "metadata": {},
   "outputs": [
    {
     "name": "stdout",
     "output_type": "stream",
     "text": [
      "nan\n",
      "False\n",
      "False\n",
      "nan\n",
      "False\n"
     ]
    }
   ],
   "source": [
    "print(0 * np.nan)\n",
    "print(np.nan == np.nan)\n",
    "print(np.inf > np.nan)\n",
    "print(np.nan - np.nan)\n",
    "print(0.3 == 3 * 0.1)"
   ]
  },
  {
   "cell_type": "markdown",
   "metadata": {},
   "source": [
    "#### 18. 在对角线下方创建一个值为1,2,3,4的5x5矩阵 (★☆☆)"
   ]
  },
  {
   "cell_type": "code",
   "execution_count": 18,
   "metadata": {},
   "outputs": [
    {
     "name": "stdout",
     "output_type": "stream",
     "text": [
      "[[0 0 0 0 0]\n",
      " [1 0 0 0 0]\n",
      " [0 2 0 0 0]\n",
      " [0 0 3 0 0]\n",
      " [0 0 0 4 0]]\n"
     ]
    }
   ],
   "source": [
    "Z = np.diag(1+np.arange(4),k=-1)\n",
    "print(Z)"
   ]
  },
  {
   "cell_type": "markdown",
   "metadata": {},
   "source": [
    "#### 19. 创建一个8x8矩阵并用棋盘图案填充它 (★☆☆)"
   ]
  },
  {
   "cell_type": "code",
   "execution_count": 19,
   "metadata": {},
   "outputs": [
    {
     "name": "stdout",
     "output_type": "stream",
     "text": [
      "[[0 1 0 1 0 1 0 1]\n",
      " [1 0 1 0 1 0 1 0]\n",
      " [0 1 0 1 0 1 0 1]\n",
      " [1 0 1 0 1 0 1 0]\n",
      " [0 1 0 1 0 1 0 1]\n",
      " [1 0 1 0 1 0 1 0]\n",
      " [0 1 0 1 0 1 0 1]\n",
      " [1 0 1 0 1 0 1 0]]\n"
     ]
    }
   ],
   "source": [
    "Z = np.zeros((8,8),dtype=int)\n",
    "Z[1::2,::2] = 1\n",
    "Z[::2,1::2] = 1\n",
    "print(Z)"
   ]
  },
  {
   "cell_type": "markdown",
   "metadata": {},
   "source": [
    "#### 20. 考虑一个（6,7,8）形状数组，第100个元素的索引（x，y，z）是什么？"
   ]
  },
  {
   "cell_type": "code",
   "execution_count": 20,
   "metadata": {},
   "outputs": [
    {
     "name": "stdout",
     "output_type": "stream",
     "text": [
      "(1, 5, 4)\n"
     ]
    }
   ],
   "source": [
    "print(np.unravel_index(100,(6,7,8)))"
   ]
  },
  {
   "cell_type": "markdown",
   "metadata": {},
   "source": [
    "#### 21. 使用tile函数创建棋盘格8x8矩阵 (★☆☆)"
   ]
  },
  {
   "cell_type": "code",
   "execution_count": 21,
   "metadata": {},
   "outputs": [
    {
     "name": "stdout",
     "output_type": "stream",
     "text": [
      "[[0 1 0 1 0 1 0 1]\n",
      " [1 0 1 0 1 0 1 0]\n",
      " [0 1 0 1 0 1 0 1]\n",
      " [1 0 1 0 1 0 1 0]\n",
      " [0 1 0 1 0 1 0 1]\n",
      " [1 0 1 0 1 0 1 0]\n",
      " [0 1 0 1 0 1 0 1]\n",
      " [1 0 1 0 1 0 1 0]]\n"
     ]
    }
   ],
   "source": [
    "Z = np.tile( np.array([[0,1],[1,0]]), (4,4))\n",
    "print(Z)"
   ]
  },
  {
   "cell_type": "markdown",
   "metadata": {},
   "source": [
    "#### 22. 归一化5x5随机矩阵 (★☆☆)"
   ]
  },
  {
   "cell_type": "code",
   "execution_count": 22,
   "metadata": {},
   "outputs": [
    {
     "name": "stdout",
     "output_type": "stream",
     "text": [
      "[[0.55509657 0.37587308 0.23134119 0.46575257 0.24996117]\n",
      " [0.80440277 0.64032567 0.85751704 0.7135663  0.16116293]\n",
      " [0.61651013 0.35146987 0.70590428 0.41638202 0.05633396]\n",
      " [0.17004449 0.87241967 0.97099604 0.49138827 0.70547156]\n",
      " [1.         0.04008666 0.         0.12300386 0.83911085]]\n"
     ]
    }
   ],
   "source": [
    "Z = np.random.random((5,5))\n",
    "Zmax, Zmin = Z.max(), Z.min()\n",
    "Z = (Z - Zmin)/(Zmax - Zmin)\n",
    "print(Z)"
   ]
  },
  {
   "cell_type": "markdown",
   "metadata": {},
   "source": [
    "#### 23. 创建一个自定义dtype，将颜色描述为四个无符号字节（RGBA） (★☆☆)"
   ]
  },
  {
   "cell_type": "code",
   "execution_count": 23,
   "metadata": {},
   "outputs": [],
   "source": [
    "color = np.dtype([(\"r\", np.ubyte, 1),\n",
    "                  (\"g\", np.ubyte, 1),\n",
    "                  (\"b\", np.ubyte, 1),\n",
    "                  (\"a\", np.ubyte, 1)])"
   ]
  },
  {
   "cell_type": "markdown",
   "metadata": {},
   "source": [
    "#### 24. 将5x3矩阵乘以3x2矩阵（实矩阵乘积） (★☆☆)"
   ]
  },
  {
   "cell_type": "code",
   "execution_count": 24,
   "metadata": {},
   "outputs": [
    {
     "name": "stdout",
     "output_type": "stream",
     "text": [
      "[[3. 3.]\n",
      " [3. 3.]\n",
      " [3. 3.]\n",
      " [3. 3.]\n",
      " [3. 3.]]\n"
     ]
    }
   ],
   "source": [
    "Z = np.dot(np.ones((5,3)), np.ones((3,2)))\n",
    "print(Z)\n",
    "\n",
    "# Alternative solution, in Python 3.5 and above\n",
    "Z = np.ones((5,3)) @ np.ones((3,2))"
   ]
  },
  {
   "cell_type": "markdown",
   "metadata": {},
   "source": [
    "#### 25. 给定一维数组，否定所有在3到8之间的元素。(★☆☆)"
   ]
  },
  {
   "cell_type": "code",
   "execution_count": 25,
   "metadata": {},
   "outputs": [
    {
     "name": "stdout",
     "output_type": "stream",
     "text": [
      "[ 0  1  2  3 -4 -5 -6 -7 -8  9 10]\n"
     ]
    }
   ],
   "source": [
    "# Author: Evgeni Burovski\n",
    "\n",
    "Z = np.arange(11)\n",
    "Z[(3 < Z) & (Z <= 8)] *= -1\n",
    "print(Z)"
   ]
  },
  {
   "cell_type": "markdown",
   "metadata": {},
   "source": [
    "#### 26. 以下脚本的输出是什么？ (★☆☆)"
   ]
  },
  {
   "cell_type": "code",
   "execution_count": 26,
   "metadata": {},
   "outputs": [
    {
     "name": "stdout",
     "output_type": "stream",
     "text": [
      "9\n",
      "10\n"
     ]
    }
   ],
   "source": [
    "# Author: Jake VanderPlas\n",
    "\n",
    "print(sum(range(5),-1))\n",
    "from numpy import *\n",
    "print(sum(range(5),-1))"
   ]
  },
  {
   "cell_type": "markdown",
   "metadata": {},
   "source": [
    "#### 27. 考虑整数向量Z，这些表达式中哪些是合法的？ (★☆☆)"
   ]
  },
  {
   "cell_type": "code",
   "execution_count": 27,
   "metadata": {},
   "outputs": [
    {
     "data": {
      "text/plain": [
       "array([0., 0., 0., 0., 0., 0., 0., 0., 0., 0.])"
      ]
     },
     "execution_count": 27,
     "metadata": {},
     "output_type": "execute_result"
    }
   ],
   "source": [
    "Z = np.zeros(10)\n",
    "Z**Z\n",
    "# 2 << Z >> 2 TypeError: ufunc 'left_shift' not supported for the input types, and the inputs could not be safely coerced to any supported types according to the casting rule ''safe''\n",
    "Z <- Z\n",
    "1j*Z\n",
    "Z/1/1\n",
    "# Z<Z>Z ValueError: The truth value of an array with more than one element is ambiguous. Use a.any() or a.all()"
   ]
  },
  {
   "cell_type": "markdown",
   "metadata": {},
   "source": [
    "#### 28. 以下表达式的结果是什么？"
   ]
  },
  {
   "cell_type": "code",
   "execution_count": 28,
   "metadata": {},
   "outputs": [
    {
     "name": "stdout",
     "output_type": "stream",
     "text": [
      "nan\n",
      "0\n",
      "[-9.22337204e+18]\n"
     ]
    },
    {
     "name": "stderr",
     "output_type": "stream",
     "text": [
      "/Users/iosdevlog/anaconda3/lib/python3.6/site-packages/ipykernel_launcher.py:1: RuntimeWarning: invalid value encountered in true_divide\n",
      "  \"\"\"Entry point for launching an IPython kernel.\n",
      "/Users/iosdevlog/anaconda3/lib/python3.6/site-packages/ipykernel_launcher.py:2: RuntimeWarning: divide by zero encountered in floor_divide\n",
      "  \n"
     ]
    }
   ],
   "source": [
    "print(np.array(0) / np.array(0))\n",
    "print(np.array(0) // np.array(0))\n",
    "print(np.array([np.nan]).astype(int).astype(float))"
   ]
  },
  {
   "cell_type": "markdown",
   "metadata": {},
   "source": [
    "#### 29. 如何从零浮点数舍入？ (★☆☆)"
   ]
  },
  {
   "cell_type": "code",
   "execution_count": 29,
   "metadata": {},
   "outputs": [
    {
     "name": "stdout",
     "output_type": "stream",
     "text": [
      "[10. -8.  2.  7. 10. -1. -6. -3. -5.  5.]\n"
     ]
    }
   ],
   "source": [
    "# Author: Charles R Harris\n",
    "\n",
    "Z = np.random.uniform(-10,+10,10)\n",
    "print (np.copysign(np.ceil(np.abs(Z)), Z))"
   ]
  },
  {
   "cell_type": "markdown",
   "metadata": {},
   "source": [
    "#### 30. 如何在两个数组之间找到常用值？ (★☆☆)"
   ]
  },
  {
   "cell_type": "code",
   "execution_count": 30,
   "metadata": {},
   "outputs": [
    {
     "name": "stdout",
     "output_type": "stream",
     "text": [
      "[2 4 6 7 8]\n"
     ]
    }
   ],
   "source": [
    "Z1 = np.random.randint(0,10,10)\n",
    "Z2 = np.random.randint(0,10,10)\n",
    "print(np.intersect1d(Z1,Z2))"
   ]
  },
  {
   "cell_type": "markdown",
   "metadata": {},
   "source": [
    "#### 31. 如何忽略所有numpy警告（不推荐）？ (★☆☆)"
   ]
  },
  {
   "cell_type": "code",
   "execution_count": 31,
   "metadata": {},
   "outputs": [],
   "source": [
    "# Suicide mode on\n",
    "defaults = np.seterr(all=\"ignore\")\n",
    "Z = np.ones(1) / 0\n",
    "\n",
    "# Back to sanity\n",
    "_ = np.seterr(**defaults)\n",
    "\n",
    "# An equivalent way, with a context manager:\n",
    "\n",
    "with np.errstate(divide='ignore'):\n",
    "    Z = np.ones(1) / 0"
   ]
  },
  {
   "cell_type": "markdown",
   "metadata": {},
   "source": [
    "#### 32. 以下表达式是 true 吗？(★☆☆)"
   ]
  },
  {
   "cell_type": "code",
   "execution_count": 32,
   "metadata": {},
   "outputs": [
    {
     "name": "stderr",
     "output_type": "stream",
     "text": [
      "/Users/iosdevlog/anaconda3/lib/python3.6/site-packages/ipykernel_launcher.py:1: RuntimeWarning: invalid value encountered in sqrt\n",
      "  \"\"\"Entry point for launching an IPython kernel.\n"
     ]
    },
    {
     "data": {
      "text/plain": [
       "False"
      ]
     },
     "execution_count": 32,
     "metadata": {},
     "output_type": "execute_result"
    }
   ],
   "source": [
    "np.sqrt(-1) == np.emath.sqrt(-1)"
   ]
  },
  {
   "cell_type": "markdown",
   "metadata": {},
   "source": [
    "#### 33. 如何获取昨天，今天和明天的日期？ (★☆☆)"
   ]
  },
  {
   "cell_type": "code",
   "execution_count": 33,
   "metadata": {},
   "outputs": [],
   "source": [
    "yesterday = np.datetime64('today', 'D') - np.timedelta64(1, 'D')\n",
    "today     = np.datetime64('today', 'D')\n",
    "tomorrow  = np.datetime64('today', 'D') + np.timedelta64(1, 'D')"
   ]
  },
  {
   "cell_type": "markdown",
   "metadata": {},
   "source": [
    "#### 34. 如何获得与2016年7月相对应的所有日期？ (★★☆)"
   ]
  },
  {
   "cell_type": "code",
   "execution_count": 34,
   "metadata": {},
   "outputs": [
    {
     "name": "stdout",
     "output_type": "stream",
     "text": [
      "['2016-07-01' '2016-07-02' '2016-07-03' '2016-07-04' '2016-07-05'\n",
      " '2016-07-06' '2016-07-07' '2016-07-08' '2016-07-09' '2016-07-10'\n",
      " '2016-07-11' '2016-07-12' '2016-07-13' '2016-07-14' '2016-07-15'\n",
      " '2016-07-16' '2016-07-17' '2016-07-18' '2016-07-19' '2016-07-20'\n",
      " '2016-07-21' '2016-07-22' '2016-07-23' '2016-07-24' '2016-07-25'\n",
      " '2016-07-26' '2016-07-27' '2016-07-28' '2016-07-29' '2016-07-30'\n",
      " '2016-07-31']\n"
     ]
    }
   ],
   "source": [
    "Z = np.arange('2016-07', '2016-08', dtype='datetime64[D]')\n",
    "print(Z)"
   ]
  },
  {
   "cell_type": "markdown",
   "metadata": {},
   "source": [
    "#### 35. 如何计算((A+B)\\*(-A/2)) （不copy）？(★★☆)"
   ]
  },
  {
   "cell_type": "code",
   "execution_count": 35,
   "metadata": {},
   "outputs": [
    {
     "data": {
      "text/plain": [
       "array([-1.5, -1.5, -1.5])"
      ]
     },
     "execution_count": 35,
     "metadata": {},
     "output_type": "execute_result"
    }
   ],
   "source": [
    "A = np.ones(3)*1\n",
    "B = np.ones(3)*2\n",
    "C = np.ones(3)*3\n",
    "np.add(A,B,out=B)\n",
    "np.divide(A,2,out=A)\n",
    "np.negative(A,out=A)\n",
    "np.multiply(A,B,out=A)"
   ]
  },
  {
   "cell_type": "markdown",
   "metadata": {},
   "source": [
    "#### 36. 使用5种不同的方法提取随机数组的整数部分 (★★☆)"
   ]
  },
  {
   "cell_type": "code",
   "execution_count": 36,
   "metadata": {},
   "outputs": [
    {
     "name": "stdout",
     "output_type": "stream",
     "text": [
      "[2. 0. 0. 3. 9. 8. 8. 4. 8. 6.]\n",
      "[2. 0. 0. 3. 9. 8. 8. 4. 8. 6.]\n",
      "[2. 0. 0. 3. 9. 8. 8. 4. 8. 6.]\n",
      "[2 0 0 3 9 8 8 4 8 6]\n",
      "[2. 0. 0. 3. 9. 8. 8. 4. 8. 6.]\n"
     ]
    }
   ],
   "source": [
    "Z = np.random.uniform(0,10,10)\n",
    "\n",
    "print (Z - Z%1)\n",
    "print (np.floor(Z))\n",
    "print (np.ceil(Z)-1)\n",
    "print (Z.astype(int))\n",
    "print (np.trunc(Z))"
   ]
  },
  {
   "cell_type": "markdown",
   "metadata": {},
   "source": [
    "#### 37. 创建一个5x5矩阵，行值范围为0到4 (★★☆)"
   ]
  },
  {
   "cell_type": "code",
   "execution_count": 37,
   "metadata": {},
   "outputs": [
    {
     "name": "stdout",
     "output_type": "stream",
     "text": [
      "[[0. 1. 2. 3. 4.]\n",
      " [0. 1. 2. 3. 4.]\n",
      " [0. 1. 2. 3. 4.]\n",
      " [0. 1. 2. 3. 4.]\n",
      " [0. 1. 2. 3. 4.]]\n"
     ]
    }
   ],
   "source": [
    "Z = np.zeros((5,5))\n",
    "Z += np.arange(5)\n",
    "print(Z)"
   ]
  },
  {
   "cell_type": "markdown",
   "metadata": {},
   "source": [
    "#### 38. 考虑生成10个整数并使用它来构建数组的生成器函数(★☆☆)"
   ]
  },
  {
   "cell_type": "code",
   "execution_count": 38,
   "metadata": {},
   "outputs": [
    {
     "name": "stdout",
     "output_type": "stream",
     "text": [
      "[0. 1. 2. 3. 4. 5. 6. 7. 8. 9.]\n"
     ]
    }
   ],
   "source": [
    "def generate():\n",
    "    for x in range(10):\n",
    "        yield x\n",
    "Z = np.fromiter(generate(),dtype=float,count=-1)\n",
    "print(Z)"
   ]
  },
  {
   "cell_type": "markdown",
   "metadata": {},
   "source": [
    "#### 39. 创建一个大小为10的向量，其值范围为0到1，两者都被排除(★★☆)"
   ]
  },
  {
   "cell_type": "code",
   "execution_count": 39,
   "metadata": {},
   "outputs": [
    {
     "name": "stdout",
     "output_type": "stream",
     "text": [
      "[0.09090909 0.18181818 0.27272727 0.36363636 0.45454545 0.54545455\n",
      " 0.63636364 0.72727273 0.81818182 0.90909091]\n"
     ]
    }
   ],
   "source": [
    "Z = np.linspace(0,1,11,endpoint=False)[1:]\n",
    "print(Z)"
   ]
  },
  {
   "cell_type": "markdown",
   "metadata": {},
   "source": [
    "#### 40. 创建一个大小为10的随机向量并对其进行排序(★★☆)"
   ]
  },
  {
   "cell_type": "code",
   "execution_count": 40,
   "metadata": {},
   "outputs": [
    {
     "name": "stdout",
     "output_type": "stream",
     "text": [
      "[0.40677886 0.48781003 0.53260125 0.5618158  0.67799675 0.69726518\n",
      " 0.79498446 0.8386311  0.88916091 0.92433598]\n"
     ]
    }
   ],
   "source": [
    "Z = np.random.random(10)\n",
    "Z.sort()\n",
    "print(Z)"
   ]
  },
  {
   "cell_type": "markdown",
   "metadata": {},
   "source": [
    "#### 41. 如何比np.sum更快地求和一个小数组？ (★★☆)"
   ]
  },
  {
   "cell_type": "code",
   "execution_count": 41,
   "metadata": {},
   "outputs": [
    {
     "data": {
      "text/plain": [
       "45"
      ]
     },
     "execution_count": 41,
     "metadata": {},
     "output_type": "execute_result"
    }
   ],
   "source": [
    "# Author: Evgeni Burovski\n",
    "\n",
    "Z = np.arange(10)\n",
    "np.add.reduce(Z)"
   ]
  },
  {
   "cell_type": "markdown",
   "metadata": {},
   "source": [
    "#### 42. 考虑两个随机数组A和B，检查它们是否相等(★★☆)"
   ]
  },
  {
   "cell_type": "code",
   "execution_count": 42,
   "metadata": {},
   "outputs": [
    {
     "name": "stdout",
     "output_type": "stream",
     "text": [
      "False\n",
      "False\n"
     ]
    }
   ],
   "source": [
    "A = np.random.randint(0,2,5)\n",
    "B = np.random.randint(0,2,5)\n",
    "\n",
    "# Assuming identical shape of the arrays and a tolerance for the comparison of values\n",
    "equal = np.allclose(A,B)\n",
    "print(equal)\n",
    "\n",
    "# Checking both the shape and the element values, no tolerance (values have to be exactly equal)\n",
    "equal = np.array_equal(A,B)\n",
    "print(equal)"
   ]
  },
  {
   "cell_type": "markdown",
   "metadata": {},
   "source": [
    "#### 43. 使数组不可变（只读） (★★☆)"
   ]
  },
  {
   "cell_type": "code",
   "execution_count": 43,
   "metadata": {},
   "outputs": [],
   "source": [
    "Z = np.zeros(10)\n",
    "Z.flags.writeable = False\n",
    "# Z[0] = 1 ValueError: assignment destination is read-only"
   ]
  },
  {
   "cell_type": "markdown",
   "metadata": {},
   "source": [
    "#### 44. 考虑一个代表笛卡尔坐标的随机10x2矩阵，将它们转换为极坐标 (★★☆)"
   ]
  },
  {
   "cell_type": "code",
   "execution_count": 44,
   "metadata": {},
   "outputs": [
    {
     "name": "stdout",
     "output_type": "stream",
     "text": [
      "[0.94804189 0.99743992 0.65435914 0.47736464 0.99238114 0.79600684\n",
      " 1.10987777 0.71877801 0.30159635 0.89130666]\n",
      "[1.5341378  0.74674323 0.6740663  0.30887697 1.16382935 1.14545565\n",
      " 0.78846281 0.46102879 1.08771013 0.8163812 ]\n"
     ]
    }
   ],
   "source": [
    "Z = np.random.random((10,2))\n",
    "X,Y = Z[:,0], Z[:,1]\n",
    "R = np.sqrt(X**2+Y**2)\n",
    "T = np.arctan2(Y,X)\n",
    "print(R)\n",
    "print(T)"
   ]
  },
  {
   "cell_type": "markdown",
   "metadata": {},
   "source": [
    "#### 45. 创建大小为10的随机向量，并将最大值替换为0 (★★☆)"
   ]
  },
  {
   "cell_type": "code",
   "execution_count": 45,
   "metadata": {},
   "outputs": [
    {
     "name": "stdout",
     "output_type": "stream",
     "text": [
      "[0.70457439 0.77863143 0.0044212  0.35199635 0.55088326 0.81023126\n",
      " 0.00358274 0.         0.56607909 0.96080501]\n"
     ]
    }
   ],
   "source": [
    "Z = np.random.random(10)\n",
    "Z[Z.argmax()] = 0\n",
    "print(Z)"
   ]
  },
  {
   "cell_type": "markdown",
   "metadata": {},
   "source": [
    "#### 46. 创建一个带有`x`和`y`坐标的结构化数组，覆盖 \\[0,1\\]x\\[0,1\\] 区域(★★☆)"
   ]
  },
  {
   "cell_type": "code",
   "execution_count": 46,
   "metadata": {},
   "outputs": [
    {
     "name": "stdout",
     "output_type": "stream",
     "text": [
      "[[(0.  , 0.  ) (0.25, 0.  ) (0.5 , 0.  ) (0.75, 0.  ) (1.  , 0.  )]\n",
      " [(0.  , 0.25) (0.25, 0.25) (0.5 , 0.25) (0.75, 0.25) (1.  , 0.25)]\n",
      " [(0.  , 0.5 ) (0.25, 0.5 ) (0.5 , 0.5 ) (0.75, 0.5 ) (1.  , 0.5 )]\n",
      " [(0.  , 0.75) (0.25, 0.75) (0.5 , 0.75) (0.75, 0.75) (1.  , 0.75)]\n",
      " [(0.  , 1.  ) (0.25, 1.  ) (0.5 , 1.  ) (0.75, 1.  ) (1.  , 1.  )]]\n"
     ]
    }
   ],
   "source": [
    "Z = np.zeros((5,5), [('x',float),('y',float)])\n",
    "Z['x'], Z['y'] = np.meshgrid(np.linspace(0,1,5),\n",
    "                             np.linspace(0,1,5))\n",
    "print(Z)"
   ]
  },
  {
   "cell_type": "markdown",
   "metadata": {},
   "source": [
    "####  47. 给定两个数组X和Y，构造Cauchy矩阵C (Cij =1/(xi - yj))"
   ]
  },
  {
   "cell_type": "code",
   "execution_count": 47,
   "metadata": {},
   "outputs": [
    {
     "name": "stdout",
     "output_type": "stream",
     "text": [
      "3638.1636371179666\n"
     ]
    }
   ],
   "source": [
    "# Author: Evgeni Burovski\n",
    "\n",
    "X = np.arange(8)\n",
    "Y = X + 0.5\n",
    "C = 1.0 / np.subtract.outer(X, Y)\n",
    "print(np.linalg.det(C))"
   ]
  },
  {
   "cell_type": "markdown",
   "metadata": {},
   "source": [
    "#### 48. 打印每个numpy标量类型的最小和最大可表示值 (★★☆)"
   ]
  },
  {
   "cell_type": "code",
   "execution_count": 48,
   "metadata": {},
   "outputs": [
    {
     "name": "stdout",
     "output_type": "stream",
     "text": [
      "-128\n",
      "127\n",
      "-2147483648\n",
      "2147483647\n",
      "-9223372036854775808\n",
      "9223372036854775807\n",
      "-3.4028235e+38\n",
      "3.4028235e+38\n",
      "1.1920929e-07\n",
      "-1.7976931348623157e+308\n",
      "1.7976931348623157e+308\n",
      "2.220446049250313e-16\n"
     ]
    }
   ],
   "source": [
    "for dtype in [np.int8, np.int32, np.int64]:\n",
    "   print(np.iinfo(dtype).min)\n",
    "   print(np.iinfo(dtype).max)\n",
    "for dtype in [np.float32, np.float64]:\n",
    "   print(np.finfo(dtype).min)\n",
    "   print(np.finfo(dtype).max)\n",
    "   print(np.finfo(dtype).eps)"
   ]
  },
  {
   "cell_type": "markdown",
   "metadata": {},
   "source": [
    "#### 49. 如何打印数组的所有值？ (★★☆)"
   ]
  },
  {
   "cell_type": "code",
   "execution_count": 49,
   "metadata": {},
   "outputs": [
    {
     "name": "stdout",
     "output_type": "stream",
     "text": [
      "[[0. 0. 0. 0. 0. 0. 0. 0. 0. 0. 0. 0. 0. 0. 0. 0.]\n",
      " [0. 0. 0. 0. 0. 0. 0. 0. 0. 0. 0. 0. 0. 0. 0. 0.]\n",
      " [0. 0. 0. 0. 0. 0. 0. 0. 0. 0. 0. 0. 0. 0. 0. 0.]\n",
      " [0. 0. 0. 0. 0. 0. 0. 0. 0. 0. 0. 0. 0. 0. 0. 0.]\n",
      " [0. 0. 0. 0. 0. 0. 0. 0. 0. 0. 0. 0. 0. 0. 0. 0.]\n",
      " [0. 0. 0. 0. 0. 0. 0. 0. 0. 0. 0. 0. 0. 0. 0. 0.]\n",
      " [0. 0. 0. 0. 0. 0. 0. 0. 0. 0. 0. 0. 0. 0. 0. 0.]\n",
      " [0. 0. 0. 0. 0. 0. 0. 0. 0. 0. 0. 0. 0. 0. 0. 0.]\n",
      " [0. 0. 0. 0. 0. 0. 0. 0. 0. 0. 0. 0. 0. 0. 0. 0.]\n",
      " [0. 0. 0. 0. 0. 0. 0. 0. 0. 0. 0. 0. 0. 0. 0. 0.]\n",
      " [0. 0. 0. 0. 0. 0. 0. 0. 0. 0. 0. 0. 0. 0. 0. 0.]\n",
      " [0. 0. 0. 0. 0. 0. 0. 0. 0. 0. 0. 0. 0. 0. 0. 0.]\n",
      " [0. 0. 0. 0. 0. 0. 0. 0. 0. 0. 0. 0. 0. 0. 0. 0.]\n",
      " [0. 0. 0. 0. 0. 0. 0. 0. 0. 0. 0. 0. 0. 0. 0. 0.]\n",
      " [0. 0. 0. 0. 0. 0. 0. 0. 0. 0. 0. 0. 0. 0. 0. 0.]\n",
      " [0. 0. 0. 0. 0. 0. 0. 0. 0. 0. 0. 0. 0. 0. 0. 0.]]\n"
     ]
    }
   ],
   "source": [
    "np.set_printoptions(threshold=np.nan)\n",
    "Z = np.zeros((16,16))\n",
    "print(Z)"
   ]
  },
  {
   "cell_type": "markdown",
   "metadata": {},
   "source": [
    "#### 50. 如何在向量中找到最接近的值（给定标量）？ (★★☆)"
   ]
  },
  {
   "cell_type": "code",
   "execution_count": 50,
   "metadata": {},
   "outputs": [
    {
     "name": "stdout",
     "output_type": "stream",
     "text": [
      "21\n"
     ]
    }
   ],
   "source": [
    "Z = np.arange(100)\n",
    "v = np.random.uniform(0,100)\n",
    "index = (np.abs(Z-v)).argmin()\n",
    "print(Z[index])"
   ]
  },
  {
   "cell_type": "markdown",
   "metadata": {},
   "source": [
    "#### 51. 创建表示位置（x，y）和颜色（r，g，b）的结构化数组 (★★☆)"
   ]
  },
  {
   "cell_type": "code",
   "execution_count": 51,
   "metadata": {},
   "outputs": [
    {
     "name": "stdout",
     "output_type": "stream",
     "text": [
      "[((0., 0.), (0., 0., 0.)) ((0., 0.), (0., 0., 0.))\n",
      " ((0., 0.), (0., 0., 0.)) ((0., 0.), (0., 0., 0.))\n",
      " ((0., 0.), (0., 0., 0.)) ((0., 0.), (0., 0., 0.))\n",
      " ((0., 0.), (0., 0., 0.)) ((0., 0.), (0., 0., 0.))\n",
      " ((0., 0.), (0., 0., 0.)) ((0., 0.), (0., 0., 0.))]\n"
     ]
    }
   ],
   "source": [
    "Z = np.zeros(10, [ ('position', [ ('x', float, 1),\n",
    "                                  ('y', float, 1)]),\n",
    "                   ('color',    [ ('r', float, 1),\n",
    "                                  ('g', float, 1),\n",
    "                                  ('b', float, 1)])])\n",
    "print(Z)"
   ]
  },
  {
   "cell_type": "markdown",
   "metadata": {},
   "source": [
    "#### 52. 考虑一个随机向量，其形状（100,2）代表坐标，逐点找到 (★★☆)"
   ]
  },
  {
   "cell_type": "code",
   "execution_count": 52,
   "metadata": {},
   "outputs": [
    {
     "name": "stdout",
     "output_type": "stream",
     "text": [
      "[[0.         0.46674667 0.16296951 0.44951662 0.55535765 0.7538931\n",
      "  0.5485385  0.35866905 0.72387053 0.42485192]\n",
      " [0.46674667 0.         0.31210931 0.77034733 0.20120695 0.2992896\n",
      "  0.2822809  0.37194373 0.2683291  0.67439901]\n",
      " [0.16296951 0.31210931 0.         0.56702915 0.43285335 0.6073399\n",
      "  0.45057077 0.24777672 0.57667914 0.51127994]\n",
      " [0.44951662 0.77034733 0.56702915 0.         0.73838529 0.97994021\n",
      "  0.66840648 0.80222551 0.95643301 0.12589724]\n",
      " [0.55535765 0.20120695 0.43285335 0.73838529 0.         0.24202061\n",
      "  0.10153246 0.56030413 0.22043036 0.62351973]\n",
      " [0.7538931  0.2992896  0.6073399  0.97994021 0.24202061 0.\n",
      "  0.32688654 0.651379   0.03096698 0.86553859]\n",
      " [0.5485385  0.2822809  0.45057077 0.66840648 0.10153246 0.32688654\n",
      "  0.         0.61511685 0.3099214  0.54854237]\n",
      " [0.35866905 0.37194373 0.24777672 0.80222551 0.56030413 0.651379\n",
      "  0.61511685 0.         0.62144624 0.75656655]\n",
      " [0.72387053 0.2683291  0.57667914 0.95643301 0.22043036 0.03096698\n",
      "  0.3099214  0.62144624 0.         0.84326608]\n",
      " [0.42485192 0.67439901 0.51127994 0.12589724 0.62351973 0.86553859\n",
      "  0.54854237 0.75656655 0.84326608 0.        ]]\n",
      "[[0.         0.40057211 0.45613881 0.42802362 0.27101803 0.29164777\n",
      "  0.49951555 0.30343991 0.8059705  0.30003557]\n",
      " [0.40057211 0.         0.77454001 0.70562288 0.13952453 0.39290414\n",
      "  0.87907822 0.1153288  0.82790459 0.178253  ]\n",
      " [0.45613881 0.77454001 0.         0.10063928 0.63729397 0.74057755\n",
      "  0.21712083 0.71462781 0.62379172 0.60652949]\n",
      " [0.42802362 0.70562288 0.10063928 0.         0.57205672 0.71929561\n",
      "  0.31173555 0.65686589 0.53671417 0.53213082]\n",
      " [0.27101803 0.13952453 0.63729397 0.57205672 0.         0.34701234\n",
      "  0.73992755 0.10122001 0.75669635 0.08218758]\n",
      " [0.29164777 0.39290414 0.74057755 0.71929561 0.34701234 0.\n",
      "  0.74217924 0.2832675  1.06018475 0.42405961]\n",
      " [0.49951555 0.87907822 0.21712083 0.31173555 0.73992755 0.74217924\n",
      "  0.         0.79672811 0.84058782 0.73096263]\n",
      " [0.30343991 0.1153288  0.71462781 0.65686589 0.10122001 0.2832675\n",
      "  0.79672811 0.         0.85674689 0.18021966]\n",
      " [0.8059705  0.82790459 0.62379172 0.53671417 0.75669635 1.06018475\n",
      "  0.84058782 0.85674689 0.         0.67659915]\n",
      " [0.30003557 0.178253   0.60652949 0.53213082 0.08218758 0.42405961\n",
      "  0.73096263 0.18021966 0.67659915 0.        ]]\n"
     ]
    }
   ],
   "source": [
    "Z = np.random.random((10,2))\n",
    "X,Y = np.atleast_2d(Z[:,0], Z[:,1])\n",
    "D = np.sqrt( (X-X.T)**2 + (Y-Y.T)**2)\n",
    "print(D)\n",
    "\n",
    "# Much faster with scipy\n",
    "import scipy\n",
    "# Thanks Gavin Heverly-Coulson (#issue 1)\n",
    "import scipy.spatial\n",
    "\n",
    "Z = np.random.random((10,2))\n",
    "D = scipy.spatial.distance.cdist(Z,Z)\n",
    "print(D)"
   ]
  },
  {
   "cell_type": "markdown",
   "metadata": {},
   "source": [
    "#### 53. 如何将float（32位）数组转换为整数（32位）？"
   ]
  },
  {
   "cell_type": "code",
   "execution_count": 53,
   "metadata": {},
   "outputs": [
    {
     "name": "stdout",
     "output_type": "stream",
     "text": [
      "[0 1 2 3 4 5 6 7 8 9]\n"
     ]
    }
   ],
   "source": [
    "Z = np.arange(10, dtype=np.float32)\n",
    "Z = Z.astype(np.int32, copy=False)\n",
    "print(Z)"
   ]
  },
  {
   "cell_type": "markdown",
   "metadata": {},
   "source": [
    "#### 54. 如何阅读以下文件？ (★★☆)"
   ]
  },
  {
   "cell_type": "code",
   "execution_count": 54,
   "metadata": {},
   "outputs": [
    {
     "name": "stdout",
     "output_type": "stream",
     "text": [
      "[[ 1  2  3  4  5]\n",
      " [ 6 -1 -1  7  8]\n",
      " [-1 -1  9 10 11]]\n"
     ]
    }
   ],
   "source": [
    "from io import StringIO\n",
    "\n",
    "# Fake file \n",
    "s = StringIO(\"\"\"1, 2, 3, 4, 5\\n\n",
    "                6,  ,  , 7, 8\\n\n",
    "                 ,  , 9,10,11\\n\"\"\")\n",
    "Z = np.genfromtxt(s, delimiter=\",\", dtype=np.int)\n",
    "print(Z)"
   ]
  },
  {
   "cell_type": "markdown",
   "metadata": {},
   "source": [
    "#### 55. numpy数组的枚举相当于什么？ (★★☆)"
   ]
  },
  {
   "cell_type": "code",
   "execution_count": 55,
   "metadata": {},
   "outputs": [
    {
     "name": "stdout",
     "output_type": "stream",
     "text": [
      "(0, 0) 0\n",
      "(0, 1) 1\n",
      "(0, 2) 2\n",
      "(1, 0) 3\n",
      "(1, 1) 4\n",
      "(1, 2) 5\n",
      "(2, 0) 6\n",
      "(2, 1) 7\n",
      "(2, 2) 8\n",
      "(0, 0) 0\n",
      "(0, 1) 1\n",
      "(0, 2) 2\n",
      "(1, 0) 3\n",
      "(1, 1) 4\n",
      "(1, 2) 5\n",
      "(2, 0) 6\n",
      "(2, 1) 7\n",
      "(2, 2) 8\n"
     ]
    }
   ],
   "source": [
    "Z = np.arange(9).reshape(3,3)\n",
    "for index, value in np.ndenumerate(Z):\n",
    "    print(index, value)\n",
    "for index in np.ndindex(Z.shape):\n",
    "    print(index, Z[index])"
   ]
  },
  {
   "cell_type": "markdown",
   "metadata": {},
   "source": [
    "#### 56. 生成通用的2D高斯类数组 (★★☆)"
   ]
  },
  {
   "cell_type": "code",
   "execution_count": 56,
   "metadata": {},
   "outputs": [
    {
     "name": "stdout",
     "output_type": "stream",
     "text": [
      "[[0.36787944 0.44822088 0.51979489 0.57375342 0.60279818 0.60279818\n",
      "  0.57375342 0.51979489 0.44822088 0.36787944]\n",
      " [0.44822088 0.54610814 0.63331324 0.69905581 0.73444367 0.73444367\n",
      "  0.69905581 0.63331324 0.54610814 0.44822088]\n",
      " [0.51979489 0.63331324 0.73444367 0.81068432 0.85172308 0.85172308\n",
      "  0.81068432 0.73444367 0.63331324 0.51979489]\n",
      " [0.57375342 0.69905581 0.81068432 0.89483932 0.9401382  0.9401382\n",
      "  0.89483932 0.81068432 0.69905581 0.57375342]\n",
      " [0.60279818 0.73444367 0.85172308 0.9401382  0.98773022 0.98773022\n",
      "  0.9401382  0.85172308 0.73444367 0.60279818]\n",
      " [0.60279818 0.73444367 0.85172308 0.9401382  0.98773022 0.98773022\n",
      "  0.9401382  0.85172308 0.73444367 0.60279818]\n",
      " [0.57375342 0.69905581 0.81068432 0.89483932 0.9401382  0.9401382\n",
      "  0.89483932 0.81068432 0.69905581 0.57375342]\n",
      " [0.51979489 0.63331324 0.73444367 0.81068432 0.85172308 0.85172308\n",
      "  0.81068432 0.73444367 0.63331324 0.51979489]\n",
      " [0.44822088 0.54610814 0.63331324 0.69905581 0.73444367 0.73444367\n",
      "  0.69905581 0.63331324 0.54610814 0.44822088]\n",
      " [0.36787944 0.44822088 0.51979489 0.57375342 0.60279818 0.60279818\n",
      "  0.57375342 0.51979489 0.44822088 0.36787944]]\n"
     ]
    }
   ],
   "source": [
    "X, Y = np.meshgrid(np.linspace(-1,1,10), np.linspace(-1,1,10))\n",
    "D = np.sqrt(X*X+Y*Y)\n",
    "sigma, mu = 1.0, 0.0\n",
    "G = np.exp(-( (D-mu)**2 / ( 2.0 * sigma**2 ) ) )\n",
    "print(G)"
   ]
  },
  {
   "cell_type": "markdown",
   "metadata": {},
   "source": [
    "#### 57. 如何将p元素随机放置在2D数组中？ (★★☆)"
   ]
  },
  {
   "cell_type": "code",
   "execution_count": 57,
   "metadata": {},
   "outputs": [
    {
     "name": "stdout",
     "output_type": "stream",
     "text": [
      "[[0. 0. 0. 0. 0. 0. 0. 0. 0. 0.]\n",
      " [0. 0. 0. 0. 0. 0. 0. 0. 0. 0.]\n",
